0.005164313
0.007913206
0.009401859
0.005221313
0.003414244
0.004119992
0.00652537
0.007841883
0.013783954
0.013130163
0.00850364
0.002453432
0.003301742
0.006945948
0.009046978
0.009068148
0.004952033
0.00530917
0.007889841
0.013011441
0.017845087
0.016070301
0.008201631
0.007759162
0.018871629
0.020046851
0.016992776
0.013173653
0.028067651
0.038922649
0.041279816
0.03281954
0.02682286
0.017700719
0.006887471
0.007630316
0.010940887
0.016028896
0.017543111
0.017639467
0.01377035
0.011331376
0.010778901
0.009211924
0.009162164
0.009500876
0.006828068
0.002019655
0.004098385
0.006964581
0.006978854
0.00412844
0.006610088
0.011347125
0.012499871
0.011360968
0.013250116
0.014931283
0.010190212
0.010124696
0.010094591
0.01344104
0.014126563
0.018373657
0.014183866
0.010111333
0.008946083
0.016927893
0.020127227
0.022798335
0.025114983
0.022381153
0.010515694
0.003225272
0.003677012
0.008052922
0.010646886
0.007744338
0.003081567
0.002862687
0.004390947
0.005319328
0.006789959
0.006783466
0.003959236
0.006252842
0.008143914
0.008686993
0.006865661
0.01338424
0.013584736
0.009967689
0.006866539
0.008335096
0.011095933
0.012922256
0.012388215
0.006238129
0.004962872
0.009103774
0.010675715
0.007790481
0.005104583
0.006459117
0.0077056
0.010705324
0.011205771
0.015068294
0.016413353
0.012598794
0.007202687
0.007318559
0.006583098
0.005644266
0.007639907
0.007957212
0.00656896
0.005759753
0.005978192
0.009514598
0.016486198
0.01619516
0.010644358
0.011786676
0.017955243
0.016845717
0.009684032
0.008390131
0.009377836
0.008878922
0.005265726
0.006229188
0.008935378
0.011762032
0.010965389
0.010145282
0.00890519
0.007593684
0.013248921
0.019518101
0.017095052
0.01400851
0.01326971
0.01014803
0.007787891
0.010926179
0.014986003
0.012247344
0.009256995
0.005904475
0.016511571
0.022119651
0.018791639
0.012947672
0.012243126
0.009510566
0.004629358
0.006167888
0.010128044
0.015413522
0.023507149
0.022430917
0.021618552
0.023733528
0.028899412
0.029123229
0.024952404
0.021943761
0.014414263
0.009612707
0.002824535
0.004221715
0.00502594
0.005918682
0.007246553
0.008939451
0.009596823
0.007659379
0.00405287
0.004211133
0.005357524
0.013965032
0.018453613
0.016357862
0.018209927
0.022682694
0.016915071
0.010025606
0.025812859
0.030631234
0.03283795
0.027113501
0.04741224
0.049512412
0.040845134
0.013577671
0.014893021
0.016030754
0.038805203
0.05103333
0.041667888
0.027135817
0.026077
0.035286554
0.035475617
0.034502872
0.031355895
0.044853071
0.069801844
0.097989674
0.085283147
0.044339982
0.020361393
0.054831353
0.089878505
0.085783117
0.063495619
0.057471064
0.065905207
0.051356593
0.045964999
0.043037704
0.045685252
0.047295381
0.041859605
0.032066646
0.021037754
0.019300617
0.026525708
0.031347409
0.021321564
0.014646891
0.029372742
0.035121295
0.041510346
0.047060396
0.061522442
0.049425475
0.041156059
0.028778238
0.028935607
0.03520479
0.045174538
0.038140662
0.024319054
0.019610556
0.01724588
0.020531266
0.027717423
0.023081573
0.015336328
0.015889187
0.016233182
0.016920908
0.018409783
0.029364413
0.027392514
0.02199039
0.015055487
0.0135468
0.022469746
0.027458618
0.034682128
0.036055357
0.038213302
0.023606785
0.023508623
0.023093456
0.025648911
0.021387212
0.01701669
0.006943001
0.021666042
0.033018659
0.025664557
0.009238872
0.005119031
0.00593288
0.011833438
0.017795018
0.0164779
0.01411318
0.014639834
0.012778916
0.014850583
0.022566351
0.022799955
0.019227806
0.014495329
0.015074277
0.022720762
0.02816841
0.030397992
0.02746759
0.023417962
0.013828729
0.020709727
0.029724622
0.030236722
0.018358754
0.007039549
0.022973494
0.037471205
0.045048946
0.038498533
0.033682634
0.017524058
0.023654657
0.026252069
0.021086666
0.013869463
0.015968185
0.013806588
0.01372847
0.014037946
0.011472425
0.021608154
0.025902355
0.027019271
0.017957584
0.022461231
0.017870429
0.013714317
0.019267594
0.027920052
0.028281217
0.019139075
0.02838727
0.029625681
0.023161937
0.016517104
0.016652579
0.025824624
0.030186843
0.026540552
0.009121307
0.009133601
0.014283549
0.012293183
0.009706168
0.010329067
0.024593612
0.028473457
0.029797572
0.019396304
0.028792869
0.027390305
0.020800868
0.018241381
0.023349267
0.017997125
0.022775035
0.028736102
0.021833453
0.007505454
0.00632541
0.00601253
0.008411132
0.008948632
0.0094974
0.020725841
0.025223864
0.027324451
0.029386378
0.028862971
0.015975426
0.009096579
0.00884703
0.008820494
0.008605011
0.018416411
0.030078405
0.027099536
0.016266086
0.02097002
0.02533124
0.022301767
0.019417704
0.017101212
0.008397274
0.003893037
0.000595964
