0.000832622
0.005286445
0.009129244
0.008598002
0.006288366
0.007179933
0.006827621
0.00814239
0.017371373
0.021204723
0.013158269
0.004226006
0.005940486
0.009588738
0.009953745
0.006226537
0.00201591
0.00088352
0.00374125
0.005262759
0.010183972
0.011987902
0.011099144
0.005357767
0.007346742
0.007714897
0.006315775
0.00931033
0.012387003
0.01101123
0.013339498
0.037015568
0.052665679
0.047804669
0.038374964
0.035651994
0.028130137
0.0147576
0.016021702
0.017188453
0.01540233
0.015631417
0.016792043
0.012162543
0.01074807
0.01527857
0.013879493
0.014163084
0.016169903
0.012256795
0.009746301
0.013253796
0.013111177
0.008555803
0.007404989
0.011005222
0.014197696
0.015468853
0.018503637
0.017754646
0.011243734
0.005372469
0.013644447
0.020933883
0.019574581
0.016958517
0.019924482
0.020241264
0.018661855
0.013909978
0.017187734
0.024666109
0.033055867
0.026613351
0.014768434
0.004621925
0.001964849
0.001841575
0.007642883
0.015587731
0.015426859
0.007545307
0.004957322
0.007380896
0.009901235
0.008370484
0.009254179
0.010814884
0.012845261
0.010947185
0.011922049
0.017334398
0.018364678
0.015110191
0.010725851
0.008739409
0.003645396
0.001548096
0.001510783
0.006517278
0.010132027
0.009141768
0.004307761
0.004603988
0.006323954
0.007752544
0.00628796
0.005980943
0.005841164
0.006502406
0.005499361
0.005931012
0.007997414
0.007716188
0.006647673
0.006955298
0.007448854
0.00684253
0.008359154
0.009932345
0.006657577
0.006578368
0.006423307
0.00751333
0.008000998
0.015073852
0.01498615
0.015544657
0.013347529
0.01050964
0.005273679
0.005287354
0.007889612
0.01018441
0.009266157
0.004562847
0.003893131
0.00803997
0.0114198
0.009706963
0.009034323
0.009384143
0.014455789
0.016701021
0.017233191
0.014685802
0.014020373
0.013489638
0.012304182
0.011314305
0.013412972
0.014005553
0.010614717
0.008342268
0.016267961
0.017321611
0.014012909
0.008666555
0.015946767
0.017056268
0.01611423
0.012895415
0.013695308
0.012912116
0.010031514
0.010413634
0.015615661
0.016829101
0.009316955
0.003119438
0.004296828
0.008922257
0.011643151
0.009036356
0.00272917
0.006889179
0.013824553
0.015028288
0.011470545
0.012488236
0.010685188
0.005495107
0.004007522
0.008937476
0.009915992
0.005538607
0.004840448
0.010092141
0.016066466
0.02319321
0.025559565
0.021752013
0.016867179
0.017410462
0.01746166
0.01656987
0.013223836
0.014302512
0.023885577
0.036287862
0.034776659
0.022918701
0.012341194
0.008482089
0.010575195
0.022431888
0.035463836
0.031565287
0.019016925
0.018634099
0.022254847
0.029332563
0.030268215
0.046805434
0.056090967
0.057391897
0.034097206
0.035095606
0.035166842
0.035345586
0.029954966
0.035572191
0.03672787
0.036096865
0.029464631
0.016037909
0.010051734
0.017855622
0.022331785
0.027274331
0.021999365
0.021647682
0.024432046
0.033421588
0.026652215
0.022625259
0.021394204
0.030108402
0.030848854
0.028927494
0.024307562
0.024278923
0.026427835
0.025964284
0.019722509
0.020213568
0.030844705
0.03092527
0.025196158
0.025342759
0.029544138
0.022022375
0.012830934
0.004685792
0.016148238
0.020523199
0.016000366
0.009536939
0.014589326
0.019963726
0.019869073
0.012604001
0.005502942
0.004193925
0.008094504
0.010714545
0.011263091
0.010886414
0.011558404
0.012987649
0.011267683
0.00710206
0.006180873
0.010196703
0.014996473
0.015697605
0.01528791
0.011865092
0.010397656
0.017883758
0.021655458
0.017057165
0.01460513
0.018504375
0.015623778
0.018375947
0.027694962
0.026535573
0.01540603
0.008223359
0.007107246
0.006124362
0.009156298
0.00964576
0.009774374
0.008422243
0.009157108
0.006216911
0.006107732
0.009044995
0.010972116
0.01158422
0.012845713
0.012434949
0.011573211
0.012536515
0.011755601
0.006989124
0.003499382
0.002414405
0.009650087
0.01519575
0.016682718
0.011175951
0.01065035
0.008073761
0.006729747
0.00889911
0.010278667
0.015421243
0.014753885
0.017772581
0.013111717
0.01170856
0.005443359
0.010547145
0.013480103
0.013011706
0.009514029
0.009477979
0.011600699
0.011419426
0.007959161
0.009996423
0.015837464
0.015417938
0.010397451
0.013742571
0.017314303
0.018669896
0.013689388
0.009202782
0.00415393
0.003155951
0.007790695
0.011288744
0.013026586
0.010618896
0.010264451
0.006102025
0.004586498
0.00896728
0.010841358
0.015341134
0.013908421
0.011602136
0.00897451
0.010130384
0.006802563
0.004996393
0.007390148
0.015780401
0.020160556
0.018344868
0.013963468
0.01245697
0.007262166
0.004830175
0.007426306
0.009554736
0.007836809
0.008212844
0.010217952
0.015397083
0.017174276
0.016517686
0.016510636
0.015315131
0.012051085
0.012431073
0.013658544
0.010245825
0.005899048
0.009485016
0.013869854
0.012270189
0.006269376
0.003206717
0.011067883
0.014968164
0.013480714
0.009745781
0.010218229
0.011261448
0.012857713
