0
0.013889
0
0
0
0
0.013889
0.094891
0.041278
0.5
0
0.013889
0.013889
0.013889
0
0
0
0.081876
0
0.068182
0
0.041278
0
0
0.027584
0.041084
0.558664
0.027584
0.054876
0
0
0.345085
0
0
0.041375
0.094114
0.027681
0
0.324689
0.013889
0
0
0.108197
0
0
0
0
0
0.60878
0.388209
0
0
0
0
0.013889
0
0.027681
0
0.041375
0.05439
0.170843
0.013889
0
0
0
0
0
0.013889
0
0
0
0.06789
0.041278
0
0
0.013889
0
0
0.013889
0
0
0
0
0
0
0
0
0
0.081488
0.027584
0
0
0
0.013889
0
0.013889
0.068182
0
0
0.041278
0
0.027584
0
0
0
0
0
0.013889
0.013889
0.013889
0
0.636267
0.041084
0.027681
0.284479
0.027681
0
0.06789
0.105672
0
0
0
0
0.013889
0
0
0.013889
0
0.013889
0.34596
0
0
0
0.013889
0
0.093143
0
0
0.013889
0
0.013889
0.08042
0.068182
0
0
